Es gibt 20 Dreiecke:
(91.76 | 70.59) (128.28 | 82.76) (111.82 | 54.54) 
(128.28 | 82.76) (104.12 | 74.71) (118.93 | 66.74) 
(128.28 | 82.76) (49.57 | 56.52) (80.0 | 0.0) 
(128.28 | 82.76) (150.0 | 90.0) (141.92 | 106.15) 
(128.28 | 82.76) (75.0 | 65.0) (102.11 | 37.9) 
(104.12 | 74.71) (75.0 | 65.0) (20.0 | 120.0) 
(49.57 | 56.52) (75.0 | 65.0) (10.0 | 130.0) 
(49.57 | 56.52) (60.0 | 60.0) (60.0 | 37.14) 
(111.82 | 54.54) (124.44 | 44.45) (80.0 | 0.0) 
(80.0 | 0.0) (118.93 | 66.74) (137.0 | 57.0) 
(80.0 | 0.0) (141.92 | 106.15) (156.67 | 76.67) 
(80.0 | 0.0) (102.11 | 37.9) (110.0 | 30.0) 
(118.93 | 66.74) (102.11 | 37.9) (20.0 | 120.0) 
(80.0 | 0.0) (102.11 | 37.9) (10.0 | 130.0) 
(137.0 | 57.0) (110.0 | 30.0) (20.0 | 120.0) 
(80.0 | 0.0) (110.0 | 30.0) (10.0 | 130.0) 
(71.0 | 92.54) (20.0 | 120.0) (55.65 | 84.35) 
(39.28 | 75.62) (10.0 | 130.0) (55.65 | 84.35) 
(160.0 | 170.0) (140.0 | 180.0) (50.0 | 170.0) 
(50.0 | 170.0) (120.0 | 170.0) (98.46 | 175.38) 